      MDL_ALPHAEM = 1.000000D+00
      MDL_YSE = 1.000000D+00
      MDL_YSMU = 1.000000D+00
      MDL_YPHIE = 1.000000D+00
      MDL_YPHIMU = 1.000000D+00
      MDL_GPRIMAKOFF = 1.000000D+00
      MDL_GVEL = 1.000000D+00
      MDL_GVMU = 1.000000D+00
      MDL_GUEL = 1.000000D+00
      MDL_GUMU = 1.000000D+00
      MDL_MEL = 5.110000D-04
      MDL_MMU = 1.056600D-01
      MDL_MNS = 1.310000D+02
      MDL_MNF = 1.270000D+02
      MDL_MS = 5.000000D+01
      MDL_MPHI = 1.097000D+03
      MDL_MV = 1.181000D+03
      MDL_MU = 1.103000D+03
